00000000000
00000100110
00001001100
00001110101
00010011011
00011000001
00011101010
00100010000
00100110110
00000000001
00000100111
00001001101
00001110110
00010011100
00011000010
00011101011
00100010001
00100110111
00000000010
00000101000
00001001110
00001110111
00010011101
00011000011
00011101100
00100010010
00100111000
00000000011
00000101001
00001001111
00001111000
00010011110
00011000100
00011101101
00100010011
00100111001
00000000110
00000101100
00001010010
00001111011
00010100001
00011000111
00011110000
00100010110
00100111100
00000000111
00000101101
00001010011
00001111100
00010100010
00011001000
00011110001
00100010111
00100111101
00000001000
00000101110
00001010100
00001111101
00010100011
00011001001
00011110010
00100011000
00100111110
00000001001
00000101111
00001010101
00001111110
00010100100
00011001010
00011110011
00100011001
00100111111
00000001100
00000110010
00001011000
00010000001
00010100111
00011001101
00011110110
00100011100
00101000010
00000001101
00000110011
00001011001
00010000010
00010101000
00011001110
00011110111
00100011101
00101000011
00000001110
00000110100
00001011010
00010000011
00010101001
00011001111
00011111000
00100011110
00101000100
00000001111
00000110101
00001011011
00010000100
00010101010
00011010000
00011111001
00100011111
00101000101
00000010010
00000111000
00001011110
00010000111
00010101101
00011010011
00011111100
00100100010
00101001000
00000010011
00000111001
00001011111
00010001000
00010101110
00011010100
00011111101
00100100011
00101001001
00000010100
00000111010
00001100000
00010001001
00010101111
00011010101
00011111110
00100100100
00101001010
00000010101
00000111011
00001100001
00010001010
00010110000
00011010110
00011111111
00100100101
00101001011
